[
    [['C42', 1079, 1080, 1081, 1026], ['C68', 1081, 1026, 971, 916, 915, 860]], 
    [['C95', 946, 947, 948, 949, 950, 951], ['C14', 947, 948, 949, 950, 951, 952, 1007, 1008, 1009, 1010, 955, 956, 957, 958, 959, 960, 1015, 1016, 1017, 1018, 1019, 1020, 1021, 1076, 1077, 1078, 1079]], 
    [['C45', 1716, 1717, 1718, 1719, 1720], ['C94', 1720, 1665, 1610, 1555], ['C95', 1555, 1500, 1445, 1390, 1335, 1280, 1225, 1226, 1171, 1116, 1061, 1006, 951, 950, 949, 948, 947, 946]], 
    [['C34', 1548, 1603, 1658], ['C97', 1658, 1713, 1714, 1715, 1716]], 
    [['C24', 370, 369, 368, 367, 366, 365, 310, 309, 308, 307, 306, 305, 304, 303, 302, 301, 300, 299, 354, 353, 352, 351, 350, 349], ['C100', 353, 352, 351, 350, 349, 348, 347, 346, 345, 344, 343, 398, 453, 452, 451, 506, 561, 616, 671, 726, 781, 836, 835, 834, 833, 888, 887, 942, 997, 1052, 1107], ['C34', 1107, 1162, 1217, 1272, 1327, 1382, 1383, 1438, 1493, 1548]], 
    [['C35', 1023, 968, 913, 858, 803, 804, 805, 860, 861, 862, 863, 864, 865, 866, 867], ['C59', 867, 812, 757, 702, 701, 646, 591, 536, 535, 480, 425, 370]], 
    [['C60', 860, 859, 804, 803], ['C33', 803, 858, 913, 968, 1023]], 
    [['C26', 1330, 1329, 1274, 1219, 1164, 1109, 1110, 1111, 1166, 1167, 1168, 1169, 1170, 1171, 1226, 1227, 1228, 1229, 1230], ['C36', 1171, 1226, 1227, 1228, 1229, 1230, 1231, 1232, 1233, 1234, 1235, 1236, 1237, 1238, 1239, 1240, 1241, 1296, 1297, 1298, 1299, 1300, 1301], ['C65', 1301, 1246, 1191, 1136, 1081, 1026, 971, 916, 915, 860]], 
    [['C42', 1142, 1143, 1144, 1199], ['C86', 1199, 1254, 1309, 1364, 1363, 1362, 1361, 1306, 1305, 1304, 1303, 1302, 1301, 1300, 1299, 1298, 1297, 1296, 1241, 1240, 1239, 1238, 1237, 1236, 1235, 1234, 1233, 1232, 1231, 1230, 1229, 1228, 1227, 1226, 1171], ['C76', 1230, 1229, 1228, 1227, 1226, 1171, 1170, 1169, 1168, 1167, 1166, 1111, 1110, 1109, 1164, 1219, 1274, 1329, 1330]], 
    [['C57', 860, 861, 862, 863, 864, 865, 866, 867, 922, 977, 1032, 1033, 1088, 1089, 1144], ['C42', 1143, 1142]]
]

[
    [
        [V14, V95]
    ], 
    [
        [V53, V8, V84]
    ], 
    [
        [V95, V94, V45]
    ], 
    [
        [V95, V73]
    ], 
    [
        [V67]
    ], 
    [
        [V67, V94, V95, V76, V24]
    ], 
    [
        [V34, V100, V24]
    ], 
    [
        [V34, V33]
    ], 
    [
        [V23, V35]
    ], 
    [
        [V25, V54]
    ], 
    [
        [V33, V39]
    ], 
    [
        [V33, V31, V76]
    ], 
    [
        [V68, V14, V8, V31, V26]
    ], 
    [
        [V60, V42]
    ], 
    [
        [V26, V36, V53]
    ], 
    [
        [V76, V12]
    ], 
    [
        [V53, V14, V39]
    ], 
    [
        [V53]
    ], 
    [
        [V55, V53]
    ], 
    [
        [V55, V14, V95]
    ]
]